tensor([[0.7000, 0.0000, 0.1000, 0.2000, 0.0000, 0.0000, 0.0000, 0.0000],
        [0.0000, 0.9000, 0.1000, 0.0000, 0.0000, 0.0000, 0.0000, 0.0000],
        [0.1000, 0.0000, 0.9000, 0.0000, 0.0000, 0.0000, 0.0000, 0.0000],
        [0.2308, 0.0000, 0.0769, 0.6923, 0.0000, 0.0000, 0.0000, 0.0000],
        [0.0000, 0.0000, 0.0000, 0.0000, 0.8889, 0.0556, 0.0556, 0.0000],
        [0.1000, 0.0000, 0.0000, 0.1000, 0.0000, 0.7000, 0.1000, 0.0000],
        [0.0526, 0.0000, 0.0000, 0.0000, 0.2632, 0.1053, 0.5789, 0.0000],
        [0.0000, 0.0000, 0.0000, 0.0000, 0.0000, 0.0000, 0.0000, 1.0000]])

accuracy: 0.7950179874897003
