tensor([[0.7500, 0.0000, 0.1000, 0.1000, 0.0000, 0.0500, 0.0000, 0.0000],
        [0.0000, 1.0000, 0.0000, 0.0000, 0.0000, 0.0000, 0.0000, 0.0000],
        [0.2000, 0.0000, 0.8000, 0.0000, 0.0000, 0.0000, 0.0000, 0.0000],
        [0.1538, 0.0769, 0.0000, 0.7692, 0.0000, 0.0000, 0.0000, 0.0000],
        [0.0000, 0.0000, 0.0000, 0.0556, 0.8333, 0.1111, 0.0000, 0.0000],
        [0.1000, 0.0000, 0.0000, 0.0000, 0.0000, 0.8000, 0.1000, 0.0000],
        [0.0526, 0.0000, 0.0000, 0.0000, 0.2632, 0.2105, 0.4737, 0.0000],
        [0.0000, 0.0000, 0.0000, 0.0000, 0.0000, 0.0000, 0.0000, 1.0000]])

accuracy: 0.8032810427248478
