tensor([[0.8500, 0.0000, 0.0500, 0.1000, 0.0000, 0.0000, 0.0000, 0.0000],
        [0.0000, 1.0000, 0.0000, 0.0000, 0.0000, 0.0000, 0.0000, 0.0000],
        [0.0000, 0.0000, 1.0000, 0.0000, 0.0000, 0.0000, 0.0000, 0.0000],
        [0.1538, 0.0769, 0.0000, 0.7692, 0.0000, 0.0000, 0.0000, 0.0000],
        [0.0000, 0.0000, 0.0000, 0.0000, 0.8889, 0.0556, 0.0556, 0.0000],
        [0.1000, 0.0000, 0.0000, 0.2000, 0.0000, 0.7000, 0.0000, 0.0000],
        [0.0526, 0.0000, 0.0000, 0.0000, 0.0526, 0.0000, 0.8947, 0.0000],
        [0.0000, 0.0000, 0.0000, 0.0000, 0.0000, 0.0000, 0.0000, 1.0000]])

accuracy: 0.8878570646047592
