tensor([[0.7000, 0.0500, 0.1500, 0.1000, 0.0000, 0.0000, 0.0000, 0.0000],
        [0.0500, 0.9500, 0.0000, 0.0000, 0.0000, 0.0000, 0.0000, 0.0000],
        [0.0000, 0.0000, 0.9000, 0.1000, 0.0000, 0.0000, 0.0000, 0.0000],
        [0.2308, 0.0000, 0.0000, 0.6923, 0.0000, 0.0000, 0.0769, 0.0000],
        [0.0556, 0.0000, 0.0000, 0.0000, 0.8889, 0.0556, 0.0000, 0.0000],
        [0.0000, 0.0000, 0.1000, 0.1000, 0.0000, 0.7000, 0.1000, 0.0000],
        [0.0000, 0.0526, 0.0000, 0.0000, 0.3684, 0.1053, 0.4737, 0.0000],
        [0.0000, 0.0000, 0.0000, 0.0000, 0.0000, 0.0000, 0.0000, 1.0000]])

accuracy: 0.7881100960075855
