tensor([[0.9000, 0.0000, 0.0500, 0.0500, 0.0000, 0.0000, 0.0000, 0.0000],
        [0.0000, 1.0000, 0.0000, 0.0000, 0.0000, 0.0000, 0.0000, 0.0000],
        [0.1000, 0.0000, 0.9000, 0.0000, 0.0000, 0.0000, 0.0000, 0.0000],
        [0.1538, 0.0769, 0.0000, 0.7692, 0.0000, 0.0000, 0.0000, 0.0000],
        [0.0000, 0.0000, 0.0000, 0.0000, 0.9444, 0.0556, 0.0000, 0.0000],
        [0.0000, 0.0000, 0.1000, 0.0000, 0.0000, 0.8000, 0.1000, 0.0000],
        [0.0000, 0.0000, 0.0000, 0.0000, 0.5263, 0.0526, 0.4211, 0.0000],
        [0.0000, 0.0000, 0.0000, 0.0000, 0.0000, 0.0000, 0.0000, 1.0000]])

accuracy: 0.8418409749865532
