tensor([[0.9500, 0.0000, 0.0000, 0.0500, 0.0000, 0.0000, 0.0000, 0.0000],
        [0.0000, 1.0000, 0.0000, 0.0000, 0.0000, 0.0000, 0.0000, 0.0000],
        [0.0000, 0.0000, 1.0000, 0.0000, 0.0000, 0.0000, 0.0000, 0.0000],
        [0.3077, 0.0769, 0.0000, 0.6154, 0.0000, 0.0000, 0.0000, 0.0000],
        [0.0000, 0.0000, 0.0000, 0.0000, 0.9444, 0.0556, 0.0000, 0.0000],
        [0.0000, 0.0000, 0.0000, 0.0000, 0.1000, 0.9000, 0.0000, 0.0000],
        [0.0526, 0.0000, 0.0000, 0.0000, 0.2632, 0.0526, 0.6316, 0.0000],
        [0.0000, 0.0000, 0.0000, 0.0000, 0.0000, 0.0000, 0.0000, 1.0000]])

accuracy: 0.880175992846489
