tensor([[0.7000, 0.1000, 0.1500, 0.0000, 0.0000, 0.0000, 0.0500, 0.0000],
        [0.0500, 0.8500, 0.1000, 0.0000, 0.0000, 0.0000, 0.0000, 0.0000],
        [0.1000, 0.0000, 0.9000, 0.0000, 0.0000, 0.0000, 0.0000, 0.0000],
        [0.0769, 0.0769, 0.0000, 0.8462, 0.0000, 0.0000, 0.0000, 0.0000],
        [0.0000, 0.0000, 0.0000, 0.0000, 0.6111, 0.1111, 0.1667, 0.1111],
        [0.0000, 0.0000, 0.0000, 0.2000, 0.0000, 0.7000, 0.1000, 0.0000],
        [0.0000, 0.0526, 0.0000, 0.0000, 0.1053, 0.1579, 0.6842, 0.0000],
        [0.0000, 0.0000, 0.0000, 0.0000, 0.0000, 0.0000, 0.0000, 1.0000]])

accuracy: 0.7864344343543053
