tensor([[0.7500, 0.0500, 0.0500, 0.1000, 0.0000, 0.0500, 0.0000, 0.0000],
        [0.0000, 0.9500, 0.0500, 0.0000, 0.0000, 0.0000, 0.0000, 0.0000],
        [0.0000, 0.0000, 1.0000, 0.0000, 0.0000, 0.0000, 0.0000, 0.0000],
        [0.0769, 0.0769, 0.0769, 0.7692, 0.0000, 0.0000, 0.0000, 0.0000],
        [0.0556, 0.0000, 0.0000, 0.0000, 0.7222, 0.1111, 0.1111, 0.0000],
        [0.0000, 0.1000, 0.0000, 0.2000, 0.0000, 0.7000, 0.0000, 0.0000],
        [0.0000, 0.0526, 0.0000, 0.0000, 0.1579, 0.1053, 0.6842, 0.0000],
        [0.0000, 0.0000, 0.0000, 0.0000, 0.0000, 0.0000, 0.0000, 1.0000]])

accuracy: 0.8219579383730888
