tensor([[0.8000, 0.0000, 0.0500, 0.1500, 0.0000, 0.0000, 0.0000, 0.0000],
        [0.0000, 0.9000, 0.1000, 0.0000, 0.0000, 0.0000, 0.0000, 0.0000],
        [0.0000, 0.0000, 1.0000, 0.0000, 0.0000, 0.0000, 0.0000, 0.0000],
        [0.2308, 0.0769, 0.0000, 0.6923, 0.0000, 0.0000, 0.0000, 0.0000],
        [0.0000, 0.0000, 0.0000, 0.0000, 0.8333, 0.0556, 0.1111, 0.0000],
        [0.0000, 0.0000, 0.1000, 0.1000, 0.0000, 0.7000, 0.1000, 0.0000],
        [0.0000, 0.0000, 0.0000, 0.0000, 0.2632, 0.0526, 0.6842, 0.0000],
        [0.0000, 0.0000, 0.0000, 0.0000, 0.0000, 0.0000, 0.0000, 1.0000]])

accuracy: 0.8262314423918724
