0.7500, 0.0000, 0.1500, 0.1000, 0.0000, 0.0000, 0.0000, 0.0000,
0.0500, 0.8000, 0.0500, 0.1000, 0.0000, 0.0000, 0.0000, 0.0000,
0.1000, 0.0000, 0.8000, 0.1000, 0.0000, 0.0000, 0.0000, 0.0000,
0.0500, 0.0500, 0.0000, 0.9000, 0.0000, 0.0000, 0.0000, 0.0000,
0.0000, 0.0000, 0.0000, 0.0500, 0.6000, 0.3000, 0.0500, 0.0000,
0.0000, 0.0000, 0.0000, 0.1000, 0.1000, 0.7000, 0.1000, 0.0000,
0.0000, 0.0000, 0.0000, 0.0500, 0.2500, 0.1500, 0.5500, 0.0000,
0.0000, 0.0000, 0.0000, 0.0000, 0.0000, 0.0000, 0.0000, 1.0000

accuracy: 0.7625000029802322
