tensor([[0.6500, 0.0000, 0.2000, 0.1500, 0.0000, 0.0000, 0.0000, 0.0000],
        [0.0000, 0.9500, 0.0500, 0.0000, 0.0000, 0.0000, 0.0000, 0.0000],
        [0.0000, 0.0000, 1.0000, 0.0000, 0.0000, 0.0000, 0.0000, 0.0000],
        [0.0000, 0.0769, 0.0769, 0.8462, 0.0000, 0.0000, 0.0000, 0.0000],
        [0.0000, 0.0000, 0.0000, 0.0000, 0.7778, 0.0556, 0.1111, 0.0556],
        [0.0000, 0.0000, 0.0000, 0.0000, 0.1000, 0.9000, 0.0000, 0.0000],
        [0.0000, 0.0526, 0.0000, 0.0000, 0.3158, 0.1053, 0.5263, 0.0000],
        [0.0000, 0.0000, 0.0000, 0.0000, 0.0000, 0.0000, 0.0000, 1.0000]])

accuracy: 0.8312809243798256
