tensor([[0.7000, 0.1000, 0.1500, 0.0500, 0.0000, 0.0000, 0.0000, 0.0000],
        [0.1000, 0.7500, 0.1000, 0.0500, 0.0000, 0.0000, 0.0000, 0.0000],
        [0.1000, 0.0000, 0.9000, 0.0000, 0.0000, 0.0000, 0.0000, 0.0000],
        [0.0000, 0.0769, 0.0000, 0.9231, 0.0000, 0.0000, 0.0000, 0.0000],
        [0.0000, 0.0000, 0.0000, 0.0000, 0.7222, 0.1667, 0.1111, 0.0000],
        [0.0000, 0.0000, 0.1000, 0.1000, 0.0000, 0.6000, 0.2000, 0.0000],
        [0.0000, 0.0526, 0.0000, 0.0000, 0.1579, 0.0526, 0.7368, 0.0000],
        [0.0000, 0.0000, 0.0000, 0.0000, 0.0000, 0.0000, 0.0000, 1.0000]])

accuracy: 0.7915176525712013
