tensor([[0.7000, 0.0500, 0.1500, 0.1000, 0.0000, 0.0000, 0.0000, 0.0000],
        [0.0000, 0.8500, 0.1500, 0.0000, 0.0000, 0.0000, 0.0000, 0.0000],
        [0.1000, 0.1000, 0.8000, 0.0000, 0.0000, 0.0000, 0.0000, 0.0000],
        [0.1500, 0.0500, 0.0500, 0.7500, 0.0000, 0.0000, 0.0000, 0.0000],
        [0.0000, 0.0000, 0.0000, 0.0500, 0.6000, 0.1500, 0.1500, 0.0500],
        [0.1000, 0.1000, 0.0000, 0.2000, 0.0000, 0.5000, 0.1000, 0.0000],
        [0.0000, 0.0000, 0.0000, 0.0500, 0.0500, 0.0500, 0.8500, 0.0000],
        [0.0000, 0.0000, 0.0000, 0.0000, 0.0000, 0.0000, 0.0000, 1.0000]])

accuracy: 0.7562500089406967
